(kicad_pcb (version 20200119) (host pcbnew "(5.99.0-1448-g534004674)")

  (general
    (thickness 1.6)
    (drawings 164)
    (tracks 730)
    (modules 101)
    (nets 84)
  )

  (page "A4")
  (layers
    (0 "F.Cu" signal)
    (31 "B.Cu" signal)
    (32 "B.Adhes" user)
    (33 "F.Adhes" user)
    (34 "B.Paste" user)
    (35 "F.Paste" user)
    (36 "B.SilkS" user)
    (37 "F.SilkS" user)
    (38 "B.Mask" user)
    (39 "F.Mask" user)
    (40 "Dwgs.User" user)
    (41 "Cmts.User" user)
    (42 "Eco1.User" user)
    (43 "Eco2.User" user)
    (44 "Edge.Cuts" user)
    (45 "Margin" user)
    (46 "B.CrtYd" user)
    (47 "F.CrtYd" user)
    (48 "B.Fab" user hide)
    (49 "F.Fab" user hide)
  )

  (setup
    (stackup
      (layer "F.SilkS" (type "Top Silk Screen"))
      (layer "F.Paste" (type "Top Solder Paste"))
      (layer "F.Mask" (type "Top Solder Mask") (color "Green") (thickness 0.01))
      (layer "F.Cu" (type "copper") (thickness 0.035))
      (layer "dielectric 1" (type "core") (thickness 1.51) (material "FR4") (epsilon_r 4.5) (loss_tangent 0.02))
      (layer "B.Cu" (type "copper") (thickness 0.035))
      (layer "B.Mask" (type "Bottom Solder Mask") (color "Green") (thickness 0.01))
      (layer "B.Paste" (type "Bottom Solder Paste"))
      (layer "B.SilkS" (type "Bottom Silk Screen"))
      (copper_finish "None")
      (dielectric_constraints no)
    )
    (last_trace_width 0.3)
    (user_trace_width 0.3)
    (user_trace_width 0.4)
    (user_trace_width 0.5)
    (user_trace_width 0.6)
    (user_trace_width 1)
    (user_trace_width 1.2)
    (user_trace_width 1.5)
    (trace_clearance 0.2)
    (zone_clearance 0.508)
    (zone_45_only no)
    (trace_min 0.2)
    (via_size 0.8)
    (via_drill 0.4)
    (via_min_size 0.4)
    (via_min_drill 0.3)
    (uvia_size 0.3)
    (uvia_drill 0.1)
    (uvias_allowed no)
    (uvia_min_size 0.2)
    (uvia_min_drill 0.1)
    (max_error 0.005)
    (defaults
      (edge_clearance 0.01)
      (edge_cuts_line_width 0.05)
      (courtyard_line_width 0.05)
      (copper_line_width 0.2)
      (copper_text_dims (size 1.5 1.5) (thickness 0.3) keep_upright)
      (silk_line_width 0.12)
      (silk_text_dims (size 1 1) (thickness 0.15) keep_upright)
      (other_layers_line_width 0.1)
      (other_layers_text_dims (size 1 1) (thickness 0.15) keep_upright)
      (dimension_units 0)
      (dimension_precision 1)
    )
    (pad_size 6 6)
    (pad_drill 3.2)
    (pad_to_mask_clearance 0.051)
    (solder_mask_min_width 0.3)
    (aux_axis_origin 0 0)
    (visible_elements FFFFFF7F)
    (pcbplotparams
      (layerselection 0x010fc_ffffffff)
      (usegerberextensions false)
      (usegerberattributes false)
      (usegerberadvancedattributes false)
      (creategerberjobfile false)
      (svguseinch false)
      (svgprecision 6)
      (excludeedgelayer true)
      (linewidth 0.100000)
      (plotframeref false)
      (viasonmask false)
      (mode 1)
      (useauxorigin false)
      (hpglpennumber 1)
      (hpglpenspeed 20)
      (hpglpendiameter 15.000000)
      (psnegative false)
      (psa4output false)
      (plotreference true)
      (plotvalue false)
      (plotinvisibletext false)
      (padsonsilk false)
      (subtractmaskfromsilk true)
      (outputformat 1)
      (mirror false)
      (drillshape 0)
      (scaleselection 1)
      (outputdirectory "/skel/random/gerbers/led_controller/")
    )
  )

  (net 0 "")
  (net 1 "GND")
  (net 2 "+3V3")
  (net 3 "Net-(C4-Pad1)")
  (net 4 "Net-(C6-Pad1)")
  (net 5 "VDD")
  (net 6 "Net-(D2-Pad2)")
  (net 7 "Net-(D4-Pad2)")
  (net 8 "Net-(D4-Pad1)")
  (net 9 "Net-(D5-Pad1)")
  (net 10 "/BOOT0")
  (net 11 "Net-(J2-Pad13)")
  (net 12 "/RST")
  (net 13 "Net-(J2-Pad11)")
  (net 14 "/ESP_RX")
  (net 15 "/ESP_TX")
  (net 16 "/SWCLK")
  (net 17 "/ESP_GP0")
  (net 18 "/SWDIO")
  (net 19 "/ESP_RST")
  (net 20 "Net-(J6-Pad1)")
  (net 21 "Net-(J8-Pad1)")
  (net 22 "Net-(J12-Pad1)")
  (net 23 "Net-(J14-Pad1)")
  (net 24 "Net-(J18-Pad1)")
  (net 25 "Net-(J20-Pad1)")
  (net 26 "Net-(J25-Pad1)")
  (net 27 "Net-(J27-Pad1)")
  (net 28 "Net-(Q1-Pad1)")
  (net 29 "Net-(Q2-Pad1)")
  (net 30 "Net-(Q3-Pad1)")
  (net 31 "Net-(Q4-Pad1)")
  (net 32 "Net-(Q5-Pad1)")
  (net 33 "Net-(Q6-Pad1)")
  (net 34 "Net-(Q7-Pad1)")
  (net 35 "Net-(Q7-Pad2)")
  (net 36 "Net-(Q8-Pad1)")
  (net 37 "Net-(Q8-Pad2)")
  (net 38 "Net-(Q9-Pad3)")
  (net 39 "Net-(Q10-Pad3)")
  (net 40 "Net-(R4-Pad1)")
  (net 41 "/TIM3_CH1")
  (net 42 "Net-(R9-Pad2)")
  (net 43 "Net-(R10-Pad2)")
  (net 44 "/TIM3_CH2")
  (net 45 "/TIM14_CH1")
  (net 46 "/TIM3_CH4")
  (net 47 "/GPO1")
  (net 48 "/GPO2")
  (net 49 "Net-(R22-Pad1)")
  (net 50 "Net-(R23-Pad1)")
  (net 51 "Net-(R24-Pad2)")
  (net 52 "Net-(R25-Pad2)")
  (net 53 "/AC_SYNC")
  (net 54 "Net-(R6-Pad2)")
  (net 55 "/TX")
  (net 56 "/RX")
  (net 57 "/TIM1_CH2")
  (net 58 "/TIM1_CH3")
  (net 59 "Net-(C10-Pad1)")
  (net 60 "VPP")
  (net 61 "Net-(U1-Pad20)")
  (net 62 "Net-(U1-Pad19)")
  (net 63 "Net-(U1-Pad17)")
  (net 64 "Net-(U1-Pad14)")
  (net 65 "Net-(U1-Pad13)")
  (net 66 "Net-(U1-Pad12)")
  (net 67 "Net-(U1-Pad11)")
  (net 68 "Net-(U1-Pad10)")
  (net 69 "Net-(U1-Pad9)")
  (net 70 "Net-(U2-Pad8)")
  (net 71 "Net-(U2-Pad1)")
  (net 72 "Net-(U3-Pad8)")
  (net 73 "Net-(U3-Pad1)")
  (net 74 "Net-(U4-Pad8)")
  (net 75 "Net-(U4-Pad1)")
  (net 76 "Net-(U6-Pad3)")
  (net 77 "Net-(U6-Pad5)")
  (net 78 "Net-(U7-Pad3)")
  (net 79 "Net-(U7-Pad5)")
  (net 80 "Net-(U8-Pad6)")
  (net 81 "Net-(U8-Pad3)")
  (net 82 "/NEUT")
  (net 83 "/LIVE")

  (net_class "Default" "This is the default net class."
    (clearance 0.2)
    (trace_width 0.3)
    (via_dia 0.8)
    (via_drill 0.4)
    (uvia_dia 0.3)
    (uvia_drill 0.1)
    (add_net "+3V3")
    (add_net "/AC_SYNC")
    (add_net "/BOOT0")
    (add_net "/ESP_GP0")
    (add_net "/ESP_RST")
    (add_net "/ESP_RX")
    (add_net "/ESP_TX")
    (add_net "/GPO1")
    (add_net "/GPO2")
    (add_net "/LIVE")
    (add_net "/NEUT")
    (add_net "/RST")
    (add_net "/RX")
    (add_net "/SWCLK")
    (add_net "/SWDIO")
    (add_net "/TIM14_CH1")
    (add_net "/TIM1_CH2")
    (add_net "/TIM1_CH3")
    (add_net "/TIM3_CH1")
    (add_net "/TIM3_CH2")
    (add_net "/TIM3_CH4")
    (add_net "/TX")
    (add_net "GND")
    (add_net "Net-(C10-Pad1)")
    (add_net "Net-(C4-Pad1)")
    (add_net "Net-(C6-Pad1)")
    (add_net "Net-(D2-Pad2)")
    (add_net "Net-(D4-Pad1)")
    (add_net "Net-(D4-Pad2)")
    (add_net "Net-(D5-Pad1)")
    (add_net "Net-(J12-Pad1)")
    (add_net "Net-(J14-Pad1)")
    (add_net "Net-(J18-Pad1)")
    (add_net "Net-(J2-Pad11)")
    (add_net "Net-(J2-Pad13)")
    (add_net "Net-(J20-Pad1)")
    (add_net "Net-(J25-Pad1)")
    (add_net "Net-(J27-Pad1)")
    (add_net "Net-(J6-Pad1)")
    (add_net "Net-(J8-Pad1)")
    (add_net "Net-(Q1-Pad1)")
    (add_net "Net-(Q10-Pad3)")
    (add_net "Net-(Q2-Pad1)")
    (add_net "Net-(Q3-Pad1)")
    (add_net "Net-(Q4-Pad1)")
    (add_net "Net-(Q5-Pad1)")
    (add_net "Net-(Q6-Pad1)")
    (add_net "Net-(Q7-Pad1)")
    (add_net "Net-(Q7-Pad2)")
    (add_net "Net-(Q8-Pad1)")
    (add_net "Net-(Q8-Pad2)")
    (add_net "Net-(Q9-Pad3)")
    (add_net "Net-(R10-Pad2)")
    (add_net "Net-(R22-Pad1)")
    (add_net "Net-(R23-Pad1)")
    (add_net "Net-(R24-Pad2)")
    (add_net "Net-(R25-Pad2)")
    (add_net "Net-(R4-Pad1)")
    (add_net "Net-(R6-Pad2)")
    (add_net "Net-(R9-Pad2)")
    (add_net "Net-(U1-Pad10)")
    (add_net "Net-(U1-Pad11)")
    (add_net "Net-(U1-Pad12)")
    (add_net "Net-(U1-Pad13)")
    (add_net "Net-(U1-Pad14)")
    (add_net "Net-(U1-Pad17)")
    (add_net "Net-(U1-Pad19)")
    (add_net "Net-(U1-Pad20)")
    (add_net "Net-(U1-Pad9)")
    (add_net "Net-(U2-Pad1)")
    (add_net "Net-(U2-Pad8)")
    (add_net "Net-(U3-Pad1)")
    (add_net "Net-(U3-Pad8)")
    (add_net "Net-(U4-Pad1)")
    (add_net "Net-(U4-Pad8)")
    (add_net "Net-(U6-Pad3)")
    (add_net "Net-(U6-Pad5)")
    (add_net "Net-(U7-Pad3)")
    (add_net "Net-(U7-Pad5)")
    (add_net "Net-(U8-Pad3)")
    (add_net "Net-(U8-Pad6)")
    (add_net "VDD")
    (add_net "VPP")
  )

  (module "Resistor_SMD:R_0805_2012Metric_Pad1.15x1.40mm_HandSolder" (layer "F.Cu") (tedit 5B36C52B) (tstamp 00000000-0000-0000-0000-00005d9df93b)
    (at 135.905 107.315)
    (descr "Resistor SMD 0805 (2012 Metric), square (rectangular) end terminal, IPC_7351 nominal with elongated pad for handsoldering. (Body size source: https://docs.google.com/spreadsheets/d/1BsfQQcO9C6DZCsRaXUlFlo91Tg2WpOkGARC1WS5S8t0/edit?usp=sharing), generated with kicad-footprint-generator")
    (tags "resistor handsolder")
    (path "/00000000-0000-0000-0000-00005d93c036")
    (attr smd)
    (fp_text reference "R28" (at 0.3025 1.905) (layer "F.SilkS")
      (effects (font (size 1 1) (thickness 0.15)))
    )
    (fp_text value "4.7k" (at 0 1.65) (layer "F.Fab")
      (effects (font (size 1 1) (thickness 0.15)))
    )
    (fp_line (start -1 0.6) (end -1 -0.6) (layer "F.Fab") (width 0.1))
    (fp_line (start -1 -0.6) (end 1 -0.6) (layer "F.Fab") (width 0.1))
    (fp_line (start 1 -0.6) (end 1 0.6) (layer "F.Fab") (width 0.1))
    (fp_line (start 1 0.6) (end -1 0.6) (layer "F.Fab") (width 0.1))
    (fp_line (start -0.261252 -0.71) (end 0.261252 -0.71) (layer "F.SilkS") (width 0.12))
    (fp_line (start -0.261252 0.71) (end 0.261252 0.71) (layer "F.SilkS") (width 0.12))
    (fp_line (start -1.85 0.95) (end -1.85 -0.95) (layer "F.CrtYd") (width 0.05))
    (fp_line (start -1.85 -0.95) (end 1.85 -0.95) (layer "F.CrtYd") (width 0.05))
    (fp_line (start 1.85 -0.95) (end 1.85 0.95) (layer "F.CrtYd") (width 0.05))
    (fp_line (start 1.85 0.95) (end -1.85 0.95) (layer "F.CrtYd") (width 0.05))
    (fp_text user "${REFERENCE}" (at 0 0) (layer "F.Fab")
      (effects (font (size 0.5 0.5) (thickness 0.08)))
    )
    (pad "2" smd roundrect (at 1.025 0) (size 1.15 1.4) (layers "F.Cu" "F.Paste" "F.Mask") (roundrect_rratio 0.2173904347826087)
      (net 53 "/AC_SYNC") (tstamp 3789aed2-700c-480b-85a5-29cc8bcd1415))
    (pad "1" smd roundrect (at -1.025 0) (size 1.15 1.4) (layers "F.Cu" "F.Paste" "F.Mask") (roundrect_rratio 0.2173904347826087)
      (net 2 "+3V3") (tstamp f06665e2-87dd-4f55-a556-e8981252a3fd))
    (model "${KISYS3DMOD}/Resistor_SMD.3dshapes/R_0805_2012Metric.wrl"
      (at (xyz 0 0 0))
      (scale (xyz 1 1 1))
      (rotate (xyz 0 0 0))
    )
  )

  (module "Resistor_SMD:R_0805_2012Metric_Pad1.15x1.40mm_HandSolder" (layer "B.Cu") (tedit 5B36C52B) (tstamp 00000000-0000-0000-0000-00005d90e5db)
    (at 144.13 119.38)
    (descr "Resistor SMD 0805 (2012 Metric), square (rectangular) end terminal, IPC_7351 nominal with elongated pad for handsoldering. (Body size source: https://docs.google.com/spreadsheets/d/1BsfQQcO9C6DZCsRaXUlFlo91Tg2WpOkGARC1WS5S8t0/edit?usp=sharing), generated with kicad-footprint-generator")
    (tags "resistor handsolder")
    (path "/00000000-0000-0000-0000-00005da069c1")
    (attr smd)
    (fp_text reference "R23" (at 3.5075 0.3175) (layer "B.SilkS")
      (effects (font (size 1 1) (thickness 0.15)) (justify mirror))
    )
    (fp_text value "1k" (at 0 -1.65) (layer "B.Fab")
      (effects (font (size 1 1) (thickness 0.15)) (justify mirror))
    )
    (fp_line (start -1 -0.6) (end -1 0.6) (layer "B.Fab") (width 0.1))
    (fp_line (start -1 0.6) (end 1 0.6) (layer "B.Fab") (width 0.1))
    (fp_line (start 1 0.6) (end 1 -0.6) (layer "B.Fab") (width 0.1))
    (fp_line (start 1 -0.6) (end -1 -0.6) (layer "B.Fab") (width 0.1))
    (fp_line (start -0.261252 0.71) (end 0.261252 0.71) (layer "B.SilkS") (width 0.12))
    (fp_line (start -0.261252 -0.71) (end 0.261252 -0.71) (layer "B.SilkS") (width 0.12))
    (fp_line (start -1.85 -0.95) (end -1.85 0.95) (layer "B.CrtYd") (width 0.05))
    (fp_line (start -1.85 0.95) (end 1.85 0.95) (layer "B.CrtYd") (width 0.05))
    (fp_line (start 1.85 0.95) (end 1.85 -0.95) (layer "B.CrtYd") (width 0.05))
    (fp_line (start 1.85 -0.95) (end -1.85 -0.95) (layer "B.CrtYd") (width 0.05))
    (fp_text user "${REFERENCE}" (at 0 0) (layer "B.Fab")
      (effects (font (size 0.5 0.5) (thickness 0.08)) (justify mirror))
    )
    (pad "2" smd roundrect (at 1.025 0) (size 1.15 1.4) (layers "B.Cu" "B.Paste" "B.Mask") (roundrect_rratio 0.2173904347826087)
      (net 36 "Net-(Q8-Pad1)") (tstamp 3789aed2-700c-480b-85a5-29cc8bcd1415))
    (pad "1" smd roundrect (at -1.025 0) (size 1.15 1.4) (layers "B.Cu" "B.Paste" "B.Mask") (roundrect_rratio 0.2173904347826087)
      (net 50 "Net-(R23-Pad1)") (tstamp f06665e2-87dd-4f55-a556-e8981252a3fd))
    (model "${KISYS3DMOD}/Resistor_SMD.3dshapes/R_0805_2012Metric.wrl"
      (at (xyz 0 0 0))
      (scale (xyz 1 1 1))
      (rotate (xyz 0 0 0))
    )
  )

  (module "Resistor_SMD:R_0805_2012Metric_Pad1.15x1.40mm_HandSolder" (layer "B.Cu") (tedit 5B36C52B) (tstamp 00000000-0000-0000-0000-00005d851cb8)
    (at 135.5725 119.0775)
    (descr "Resistor SMD 0805 (2012 Metric), square (rectangular) end terminal, IPC_7351 nominal with elongated pad for handsoldering. (Body size source: https://docs.google.com/spreadsheets/d/1BsfQQcO9C6DZCsRaXUlFlo91Tg2WpOkGARC1WS5S8t0/edit?usp=sharing), generated with kicad-footprint-generator")
    (tags "resistor handsolder")
    (path "/00000000-0000-0000-0000-00005d99a7e7")
    (attr smd)
    (fp_text reference "R22" (at -2.54 -0.015 90) (layer "B.SilkS")
      (effects (font (size 1 1) (thickness 0.15)) (justify mirror))
    )
    (fp_text value "1k" (at 0 -1.65) (layer "B.Fab")
      (effects (font (size 1 1) (thickness 0.15)) (justify mirror))
    )
    (fp_line (start -1 -0.6) (end -1 0.6) (layer "B.Fab") (width 0.1))
    (fp_line (start -1 0.6) (end 1 0.6) (layer "B.Fab") (width 0.1))
    (fp_line (start 1 0.6) (end 1 -0.6) (layer "B.Fab") (width 0.1))
    (fp_line (start 1 -0.6) (end -1 -0.6) (layer "B.Fab") (width 0.1))
    (fp_line (start -0.261252 0.71) (end 0.261252 0.71) (layer "B.SilkS") (width 0.12))
    (fp_line (start -0.261252 -0.71) (end 0.261252 -0.71) (layer "B.SilkS") (width 0.12))
    (fp_line (start -1.85 -0.95) (end -1.85 0.95) (layer "B.CrtYd") (width 0.05))
    (fp_line (start -1.85 0.95) (end 1.85 0.95) (layer "B.CrtYd") (width 0.05))
    (fp_line (start 1.85 0.95) (end 1.85 -0.95) (layer "B.CrtYd") (width 0.05))
    (fp_line (start 1.85 -0.95) (end -1.85 -0.95) (layer "B.CrtYd") (width 0.05))
    (fp_text user "${REFERENCE}" (at 0 0) (layer "B.Fab")
      (effects (font (size 0.5 0.5) (thickness 0.08)) (justify mirror))
    )
    (pad "2" smd roundrect (at 1.025 0) (size 1.15 1.4) (layers "B.Cu" "B.Paste" "B.Mask") (roundrect_rratio 0.2173904347826087)
      (net 34 "Net-(Q7-Pad1)") (tstamp 3789aed2-700c-480b-85a5-29cc8bcd1415))
    (pad "1" smd roundrect (at -1.025 0) (size 1.15 1.4) (layers "B.Cu" "B.Paste" "B.Mask") (roundrect_rratio 0.2173904347826087)
      (net 49 "Net-(R22-Pad1)") (tstamp f06665e2-87dd-4f55-a556-e8981252a3fd))
    (model "${KISYS3DMOD}/Resistor_SMD.3dshapes/R_0805_2012Metric.wrl"
      (at (xyz 0 0 0))
      (scale (xyz 1 1 1))
      (rotate (xyz 0 0 0))
    )
  )

  (module "Resistor_SMD:R_0805_2012Metric_Pad1.15x1.40mm_HandSolder" (layer "B.Cu") (tedit 5B36C52B) (tstamp 00000000-0000-0000-0000-00005d994928)
    (at 151.145 117.1575 -90)
    (descr "Resistor SMD 0805 (2012 Metric), square (rectangular) end terminal, IPC_7351 nominal with elongated pad for handsoldering. (Body size source: https://docs.google.com/spreadsheets/d/1BsfQQcO9C6DZCsRaXUlFlo91Tg2WpOkGARC1WS5S8t0/edit?usp=sharing), generated with kicad-footprint-generator")
    (tags "resistor handsolder")
    (path "/00000000-0000-0000-0000-00005da069a4")
    (attr smd)
    (fp_text reference "R21" (at 2.54 0.015 180) (layer "B.SilkS")
      (effects (font (size 1 1) (thickness 0.15)) (justify mirror))
    )
    (fp_text value "4.7k" (at 0 -1.65 90) (layer "B.Fab")
      (effects (font (size 1 1) (thickness 0.15)) (justify mirror))
    )
    (fp_line (start -1 -0.6) (end -1 0.6) (layer "B.Fab") (width 0.1))
    (fp_line (start -1 0.6) (end 1 0.6) (layer "B.Fab") (width 0.1))
    (fp_line (start 1 0.6) (end 1 -0.6) (layer "B.Fab") (width 0.1))
    (fp_line (start 1 -0.6) (end -1 -0.6) (layer "B.Fab") (width 0.1))
    (fp_line (start -0.261252 0.71) (end 0.261252 0.71) (layer "B.SilkS") (width 0.12))
    (fp_line (start -0.261252 -0.71) (end 0.261252 -0.71) (layer "B.SilkS") (width 0.12))
    (fp_line (start -1.85 -0.95) (end -1.85 0.95) (layer "B.CrtYd") (width 0.05))
    (fp_line (start -1.85 0.95) (end 1.85 0.95) (layer "B.CrtYd") (width 0.05))
    (fp_line (start 1.85 0.95) (end 1.85 -0.95) (layer "B.CrtYd") (width 0.05))
    (fp_line (start 1.85 -0.95) (end -1.85 -0.95) (layer "B.CrtYd") (width 0.05))
    (fp_text user "${REFERENCE}" (at 0 0 90) (layer "B.Fab")
      (effects (font (size 0.5 0.5) (thickness 0.08)) (justify mirror))
    )
    (pad "2" smd roundrect (at 1.025 0 270) (size 1.15 1.4) (layers "B.Cu" "B.Paste" "B.Mask") (roundrect_rratio 0.2173904347826087)
      (net 1 "GND") (tstamp 3789aed2-700c-480b-85a5-29cc8bcd1415))
    (pad "1" smd roundrect (at -1.025 0 270) (size 1.15 1.4) (layers "B.Cu" "B.Paste" "B.Mask") (roundrect_rratio 0.2173904347826087)
      (net 37 "Net-(Q8-Pad2)") (tstamp f06665e2-87dd-4f55-a556-e8981252a3fd))
    (model "${KISYS3DMOD}/Resistor_SMD.3dshapes/R_0805_2012Metric.wrl"
      (at (xyz 0 0 0))
      (scale (xyz 1 1 1))
      (rotate (xyz 0 0 0))
    )
  )

  (module "Resistor_SMD:R_0805_2012Metric_Pad1.15x1.40mm_HandSolder" (layer "B.Cu") (tedit 5B36C52B) (tstamp 00000000-0000-0000-0000-00005d851c96)
    (at 143.495 116.205 -90)
    (descr "Resistor SMD 0805 (2012 Metric), square (rectangular) end terminal, IPC_7351 nominal with elongated pad for handsoldering. (Body size source: https://docs.google.com/spreadsheets/d/1BsfQQcO9C6DZCsRaXUlFlo91Tg2WpOkGARC1WS5S8t0/edit?usp=sharing), generated with kicad-footprint-generator")
    (tags "resistor handsolder")
    (path "/00000000-0000-0000-0000-00005d9a76cc")
    (attr smd)
    (fp_text reference "R20" (at -0.9525 -2.555 180) (layer "B.SilkS")
      (effects (font (size 1 1) (thickness 0.15)) (justify mirror))
    )
    (fp_text value "4.7k" (at 0 -1.65 90) (layer "B.Fab")
      (effects (font (size 1 1) (thickness 0.15)) (justify mirror))
    )
    (fp_line (start -1 -0.6) (end -1 0.6) (layer "B.Fab") (width 0.1))
    (fp_line (start -1 0.6) (end 1 0.6) (layer "B.Fab") (width 0.1))
    (fp_line (start 1 0.6) (end 1 -0.6) (layer "B.Fab") (width 0.1))
    (fp_line (start 1 -0.6) (end -1 -0.6) (layer "B.Fab") (width 0.1))
    (fp_line (start -0.261252 0.71) (end 0.261252 0.71) (layer "B.SilkS") (width 0.12))
    (fp_line (start -0.261252 -0.71) (end 0.261252 -0.71) (layer "B.SilkS") (width 0.12))
    (fp_line (start -1.85 -0.95) (end -1.85 0.95) (layer "B.CrtYd") (width 0.05))
    (fp_line (start -1.85 0.95) (end 1.85 0.95) (layer "B.CrtYd") (width 0.05))
    (fp_line (start 1.85 0.95) (end 1.85 -0.95) (layer "B.CrtYd") (width 0.05))
    (fp_line (start 1.85 -0.95) (end -1.85 -0.95) (layer "B.CrtYd") (width 0.05))
    (fp_text user "${REFERENCE}" (at 0 0 90) (layer "B.Fab")
      (effects (font (size 0.5 0.5) (thickness 0.08)) (justify mirror))
    )
    (pad "2" smd roundrect (at 1.025 0 270) (size 1.15 1.4) (layers "B.Cu" "B.Paste" "B.Mask") (roundrect_rratio 0.2173904347826087)
      (net 1 "GND") (tstamp 3789aed2-700c-480b-85a5-29cc8bcd1415))
    (pad "1" smd roundrect (at -1.025 0 270) (size 1.15 1.4) (layers "B.Cu" "B.Paste" "B.Mask") (roundrect_rratio 0.2173904347826087)
      (net 35 "Net-(Q7-Pad2)") (tstamp f06665e2-87dd-4f55-a556-e8981252a3fd))
    (model "${KISYS3DMOD}/Resistor_SMD.3dshapes/R_0805_2012Metric.wrl"
      (at (xyz 0 0 0))
      (scale (xyz 1 1 1))
      (rotate (xyz 0 0 0))
    )
  )

  (module "Resistor_SMD:R_0805_2012Metric_Pad1.15x1.40mm_HandSolder" (layer "B.Cu") (tedit 5B36C52B) (tstamp 00000000-0000-0000-0000-00005d851c85)
    (at 140.97 112.7125 90)
    (descr "Resistor SMD 0805 (2012 Metric), square (rectangular) end terminal, IPC_7351 nominal with elongated pad for handsoldering. (Body size source: https://docs.google.com/spreadsheets/d/1BsfQQcO9C6DZCsRaXUlFlo91Tg2WpOkGARC1WS5S8t0/edit?usp=sharing), generated with kicad-footprint-generator")
    (tags "resistor handsolder")
    (path "/00000000-0000-0000-0000-00005da06971")
    (attr smd)
    (fp_text reference "R19" (at -0.9525 2.54 180) (layer "B.SilkS")
      (effects (font (size 1 1) (thickness 0.15)) (justify mirror))
    )
    (fp_text value "1k" (at 0 -1.65 90) (layer "B.Fab")
      (effects (font (size 1 1) (thickness 0.15)) (justify mirror))
    )
    (fp_line (start -1 -0.6) (end -1 0.6) (layer "B.Fab") (width 0.1))
    (fp_line (start -1 0.6) (end 1 0.6) (layer "B.Fab") (width 0.1))
    (fp_line (start 1 0.6) (end 1 -0.6) (layer "B.Fab") (width 0.1))
    (fp_line (start 1 -0.6) (end -1 -0.6) (layer "B.Fab") (width 0.1))
    (fp_line (start -0.261252 0.71) (end 0.261252 0.71) (layer "B.SilkS") (width 0.12))
    (fp_line (start -0.261252 -0.71) (end 0.261252 -0.71) (layer "B.SilkS") (width 0.12))
    (fp_line (start -1.85 -0.95) (end -1.85 0.95) (layer "B.CrtYd") (width 0.05))
    (fp_line (start -1.85 0.95) (end 1.85 0.95) (layer "B.CrtYd") (width 0.05))
    (fp_line (start 1.85 0.95) (end 1.85 -0.95) (layer "B.CrtYd") (width 0.05))
    (fp_line (start 1.85 -0.95) (end -1.85 -0.95) (layer "B.CrtYd") (width 0.05))
    (fp_text user "${REFERENCE}" (at 0 0 90) (layer "B.Fab")
      (effects (font (size 0.5 0.5) (thickness 0.08)) (justify mirror))
    )
    (pad "2" smd roundrect (at 1.025 0 90) (size 1.15 1.4) (layers "B.Cu" "B.Paste" "B.Mask") (roundrect_rratio 0.2173904347826087)
      (net 48 "/GPO2") (tstamp 3789aed2-700c-480b-85a5-29cc8bcd1415))
    (pad "1" smd roundrect (at -1.025 0 90) (size 1.15 1.4) (layers "B.Cu" "B.Paste" "B.Mask") (roundrect_rratio 0.2173904347826087)
      (net 37 "Net-(Q8-Pad2)") (tstamp f06665e2-87dd-4f55-a556-e8981252a3fd))
    (model "${KISYS3DMOD}/Resistor_SMD.3dshapes/R_0805_2012Metric.wrl"
      (at (xyz 0 0 0))
      (scale (xyz 1 1 1))
      (rotate (xyz 0 0 0))
    )
  )

  (module "Resistor_SMD:R_0805_2012Metric_Pad1.15x1.40mm_HandSolder" (layer "B.Cu") (tedit 5B36C52B) (tstamp 00000000-0000-0000-0000-00005d8640b0)
    (at 138.7475 113.9825 90)
    (descr "Resistor SMD 0805 (2012 Metric), square (rectangular) end terminal, IPC_7351 nominal with elongated pad for handsoldering. (Body size source: https://docs.google.com/spreadsheets/d/1BsfQQcO9C6DZCsRaXUlFlo91Tg2WpOkGARC1WS5S8t0/edit?usp=sharing), generated with kicad-footprint-generator")
    (tags "resistor handsolder")
    (path "/00000000-0000-0000-0000-00005d9ab4f4")
    (attr smd)
    (fp_text reference "R18" (at 3.4925 -0.9525 270) (layer "B.SilkS")
      (effects (font (size 1 1) (thickness 0.15)) (justify mirror))
    )
    (fp_text value "1k" (at 0 -1.65 90) (layer "B.Fab")
      (effects (font (size 1 1) (thickness 0.15)) (justify mirror))
    )
    (fp_line (start -1 -0.6) (end -1 0.6) (layer "B.Fab") (width 0.1))
    (fp_line (start -1 0.6) (end 1 0.6) (layer "B.Fab") (width 0.1))
    (fp_line (start 1 0.6) (end 1 -0.6) (layer "B.Fab") (width 0.1))
    (fp_line (start 1 -0.6) (end -1 -0.6) (layer "B.Fab") (width 0.1))
    (fp_line (start -0.261252 0.71) (end 0.261252 0.71) (layer "B.SilkS") (width 0.12))
    (fp_line (start -0.261252 -0.71) (end 0.261252 -0.71) (layer "B.SilkS") (width 0.12))
    (fp_line (start -1.85 -0.95) (end -1.85 0.95) (layer "B.CrtYd") (width 0.05))
    (fp_line (start -1.85 0.95) (end 1.85 0.95) (layer "B.CrtYd") (width 0.05))
    (fp_line (start 1.85 0.95) (end 1.85 -0.95) (layer "B.CrtYd") (width 0.05))
    (fp_line (start 1.85 -0.95) (end -1.85 -0.95) (layer "B.CrtYd") (width 0.05))
    (fp_text user "${REFERENCE}" (at 0 0 90) (layer "B.Fab")
      (effects (font (size 0.5 0.5) (thickness 0.08)) (justify mirror))
    )
    (pad "2" smd roundrect (at 1.025 0 90) (size 1.15 1.4) (layers "B.Cu" "B.Paste" "B.Mask") (roundrect_rratio 0.2173904347826087)
      (net 47 "/GPO1") (tstamp 3789aed2-700c-480b-85a5-29cc8bcd1415))
    (pad "1" smd roundrect (at -1.025 0 90) (size 1.15 1.4) (layers "B.Cu" "B.Paste" "B.Mask") (roundrect_rratio 0.2173904347826087)
      (net 35 "Net-(Q7-Pad2)") (tstamp f06665e2-87dd-4f55-a556-e8981252a3fd))
    (model "${KISYS3DMOD}/Resistor_SMD.3dshapes/R_0805_2012Metric.wrl"
      (at (xyz 0 0 0))
      (scale (xyz 1 1 1))
      (rotate (xyz 0 0 0))
    )
  )

  (module "Resistor_SMD:R_0805_2012Metric_Pad1.15x1.40mm_HandSolder" (layer "F.Cu") (tedit 5B36C52B) (tstamp 00000000-0000-0000-0000-00005d851c63)
    (at 146.3525 82.8675 -90)
    (descr "Resistor SMD 0805 (2012 Metric), square (rectangular) end terminal, IPC_7351 nominal with elongated pad for handsoldering. (Body size source: https://docs.google.com/spreadsheets/d/1BsfQQcO9C6DZCsRaXUlFlo91Tg2WpOkGARC1WS5S8t0/edit?usp=sharing), generated with kicad-footprint-generator")
    (tags "resistor handsolder")
    (path "/00000000-0000-0000-0000-00005d865b15")
    (attr smd)
    (fp_text reference "R16" (at 0 -1.65 90) (layer "F.SilkS")
      (effects (font (size 1 1) (thickness 0.15)))
    )
    (fp_text value "47k" (at 0 1.65 90) (layer "F.Fab")
      (effects (font (size 1 1) (thickness 0.15)))
    )
    (fp_line (start -1 0.6) (end -1 -0.6) (layer "F.Fab") (width 0.1))
    (fp_line (start -1 -0.6) (end 1 -0.6) (layer "F.Fab") (width 0.1))
    (fp_line (start 1 -0.6) (end 1 0.6) (layer "F.Fab") (width 0.1))
    (fp_line (start 1 0.6) (end -1 0.6) (layer "F.Fab") (width 0.1))
    (fp_line (start -0.261252 -0.71) (end 0.261252 -0.71) (layer "F.SilkS") (width 0.12))
    (fp_line (start -0.261252 0.71) (end 0.261252 0.71) (layer "F.SilkS") (width 0.12))
    (fp_line (start -1.85 0.95) (end -1.85 -0.95) (layer "F.CrtYd") (width 0.05))
    (fp_line (start -1.85 -0.95) (end 1.85 -0.95) (layer "F.CrtYd") (width 0.05))
    (fp_line (start 1.85 -0.95) (end 1.85 0.95) (layer "F.CrtYd") (width 0.05))
    (fp_line (start 1.85 0.95) (end -1.85 0.95) (layer "F.CrtYd") (width 0.05))
    (fp_text user "${REFERENCE}" (at 0 0 90) (layer "F.Fab")
      (effects (font (size 0.5 0.5) (thickness 0.08)))
    )
    (pad "2" smd roundrect (at 1.025 0 270) (size 1.15 1.4) (layers "F.Cu" "F.Paste" "F.Mask") (roundrect_rratio 0.2173904347826087)
      (net 1 "GND") (tstamp 3789aed2-700c-480b-85a5-29cc8bcd1415))
    (pad "1" smd roundrect (at -1.025 0 270) (size 1.15 1.4) (layers "F.Cu" "F.Paste" "F.Mask") (roundrect_rratio 0.2173904347826087)
      (net 46 "/TIM3_CH4") (tstamp f06665e2-87dd-4f55-a556-e8981252a3fd))
    (model "${KISYS3DMOD}/Resistor_SMD.3dshapes/R_0805_2012Metric.wrl"
      (at (xyz 0 0 0))
      (scale (xyz 1 1 1))
      (rotate (xyz 0 0 0))
    )
  )

  (module "Resistor_SMD:R_0805_2012Metric_Pad1.15x1.40mm_HandSolder" (layer "B.Cu") (tedit 5B36C52B) (tstamp 00000000-0000-0000-0000-00005d851c52)
    (at 152.527 93.091)
    (descr "Resistor SMD 0805 (2012 Metric), square (rectangular) end terminal, IPC_7351 nominal with elongated pad for handsoldering. (Body size source: https://docs.google.com/spreadsheets/d/1BsfQQcO9C6DZCsRaXUlFlo91Tg2WpOkGARC1WS5S8t0/edit?usp=sharing), generated with kicad-footprint-generator")
    (tags "resistor handsolder")
    (path "/00000000-0000-0000-0000-00005d85926a")
    (attr smd)
    (fp_text reference "R15" (at -0.4445 1.8415) (layer "B.SilkS")
      (effects (font (size 1 1) (thickness 0.15)) (justify mirror))
    )
    (fp_text value "47k" (at 0 -1.65) (layer "B.Fab")
      (effects (font (size 1 1) (thickness 0.15)) (justify mirror))
    )
    (fp_line (start -1 -0.6) (end -1 0.6) (layer "B.Fab") (width 0.1))
    (fp_line (start -1 0.6) (end 1 0.6) (layer "B.Fab") (width 0.1))
    (fp_line (start 1 0.6) (end 1 -0.6) (layer "B.Fab") (width 0.1))
    (fp_line (start 1 -0.6) (end -1 -0.6) (layer "B.Fab") (width 0.1))
    (fp_line (start -0.261252 0.71) (end 0.261252 0.71) (layer "B.SilkS") (width 0.12))
    (fp_line (start -0.261252 -0.71) (end 0.261252 -0.71) (layer "B.SilkS") (width 0.12))
    (fp_line (start -1.85 -0.95) (end -1.85 0.95) (layer "B.CrtYd") (width 0.05))
    (fp_line (start -1.85 0.95) (end 1.85 0.95) (layer "B.CrtYd") (width 0.05))
    (fp_line (start 1.85 0.95) (end 1.85 -0.95) (layer "B.CrtYd") (width 0.05))
    (fp_line (start 1.85 -0.95) (end -1.85 -0.95) (layer "B.CrtYd") (width 0.05))
    (fp_text user "${REFERENCE}" (at 0 0) (layer "B.Fab")
      (effects (font (size 0.5 0.5) (thickness 0.08)) (justify mirror))
    )
    (pad "2" smd roundrect (at 1.025 0) (size 1.15 1.4) (layers "B.Cu" "B.Paste" "B.Mask") (roundrect_rratio 0.2173904347826087)
      (net 1 "GND") (tstamp 3789aed2-700c-480b-85a5-29cc8bcd1415))
    (pad "1" smd roundrect (at -1.025 0) (size 1.15 1.4) (layers "B.Cu" "B.Paste" "B.Mask") (roundrect_rratio 0.2173904347826087)
      (net 45 "/TIM14_CH1") (tstamp f06665e2-87dd-4f55-a556-e8981252a3fd))
    (model "${KISYS3DMOD}/Resistor_SMD.3dshapes/R_0805_2012Metric.wrl"
      (at (xyz 0 0 0))
      (scale (xyz 1 1 1))
      (rotate (xyz 0 0 0))
    )
  )

  (module "Resistor_SMD:R_0805_2012Metric_Pad1.15x1.40mm_HandSolder" (layer "B.Cu") (tedit 5B36C52B) (tstamp 00000000-0000-0000-0000-00005d851c41)
    (at 152.0975 61.087 90)
    (descr "Resistor SMD 0805 (2012 Metric), square (rectangular) end terminal, IPC_7351 nominal with elongated pad for handsoldering. (Body size source: https://docs.google.com/spreadsheets/d/1BsfQQcO9C6DZCsRaXUlFlo91Tg2WpOkGARC1WS5S8t0/edit?usp=sharing), generated with kicad-footprint-generator")
    (tags "resistor handsolder")
    (path "/00000000-0000-0000-0000-00005dbf56b4")
    (attr smd)
    (fp_text reference "R14" (at 2.667 -0.015 180) (layer "B.SilkS")
      (effects (font (size 1 1) (thickness 0.15)) (justify mirror))
    )
    (fp_text value "10k" (at 0 -1.65 90) (layer "B.Fab")
      (effects (font (size 1 1) (thickness 0.15)) (justify mirror))
    )
    (fp_line (start -1 -0.6) (end -1 0.6) (layer "B.Fab") (width 0.1))
    (fp_line (start -1 0.6) (end 1 0.6) (layer "B.Fab") (width 0.1))
    (fp_line (start 1 0.6) (end 1 -0.6) (layer "B.Fab") (width 0.1))
    (fp_line (start 1 -0.6) (end -1 -0.6) (layer "B.Fab") (width 0.1))
    (fp_line (start -0.261252 0.71) (end 0.261252 0.71) (layer "B.SilkS") (width 0.12))
    (fp_line (start -0.261252 -0.71) (end 0.261252 -0.71) (layer "B.SilkS") (width 0.12))
    (fp_line (start -1.85 -0.95) (end -1.85 0.95) (layer "B.CrtYd") (width 0.05))
    (fp_line (start -1.85 0.95) (end 1.85 0.95) (layer "B.CrtYd") (width 0.05))
    (fp_line (start 1.85 0.95) (end 1.85 -0.95) (layer "B.CrtYd") (width 0.05))
    (fp_line (start 1.85 -0.95) (end -1.85 -0.95) (layer "B.CrtYd") (width 0.05))
    (fp_text user "${REFERENCE}" (at 0 0 90) (layer "B.Fab")
      (effects (font (size 0.5 0.5) (thickness 0.08)) (justify mirror))
    )
    (pad "2" smd roundrect (at 1.025 0 90) (size 1.15 1.4) (layers "B.Cu" "B.Paste" "B.Mask") (roundrect_rratio 0.2173904347826087)
      (net 1 "GND") (tstamp 3789aed2-700c-480b-85a5-29cc8bcd1415))
    (pad "1" smd roundrect (at -1.025 0 90) (size 1.15 1.4) (layers "B.Cu" "B.Paste" "B.Mask") (roundrect_rratio 0.2173904347826087)
      (net 10 "/BOOT0") (tstamp f06665e2-87dd-4f55-a556-e8981252a3fd))
    (model "${KISYS3DMOD}/Resistor_SMD.3dshapes/R_0805_2012Metric.wrl"
      (at (xyz 0 0 0))
      (scale (xyz 1 1 1))
      (rotate (xyz 0 0 0))
    )
  )

  (module "Resistor_SMD:R_0805_2012Metric_Pad1.15x1.40mm_HandSolder" (layer "B.Cu") (tedit 5B36C52B) (tstamp 00000000-0000-0000-0000-00005d9dfc71)
    (at 147.0025 106.3625)
    (descr "Resistor SMD 0805 (2012 Metric), square (rectangular) end terminal, IPC_7351 nominal with elongated pad for handsoldering. (Body size source: https://docs.google.com/spreadsheets/d/1BsfQQcO9C6DZCsRaXUlFlo91Tg2WpOkGARC1WS5S8t0/edit?usp=sharing), generated with kicad-footprint-generator")
    (tags "resistor handsolder")
    (path "/00000000-0000-0000-0000-00005dc209c8")
    (attr smd)
    (fp_text reference "R13" (at 0 1.5875) (layer "B.SilkS")
      (effects (font (size 1 1) (thickness 0.15)) (justify mirror))
    )
    (fp_text value "10k" (at 0 -1.65) (layer "B.Fab")
      (effects (font (size 1 1) (thickness 0.15)) (justify mirror))
    )
    (fp_line (start -1 -0.6) (end -1 0.6) (layer "B.Fab") (width 0.1))
    (fp_line (start -1 0.6) (end 1 0.6) (layer "B.Fab") (width 0.1))
    (fp_line (start 1 0.6) (end 1 -0.6) (layer "B.Fab") (width 0.1))
    (fp_line (start 1 -0.6) (end -1 -0.6) (layer "B.Fab") (width 0.1))
    (fp_line (start -0.261252 0.71) (end 0.261252 0.71) (layer "B.SilkS") (width 0.12))
    (fp_line (start -0.261252 -0.71) (end 0.261252 -0.71) (layer "B.SilkS") (width 0.12))
    (fp_line (start -1.85 -0.95) (end -1.85 0.95) (layer "B.CrtYd") (width 0.05))
    (fp_line (start -1.85 0.95) (end 1.85 0.95) (layer "B.CrtYd") (width 0.05))
    (fp_line (start 1.85 0.95) (end 1.85 -0.95) (layer "B.CrtYd") (width 0.05))
    (fp_line (start 1.85 -0.95) (end -1.85 -0.95) (layer "B.CrtYd") (width 0.05))
    (fp_text user "${REFERENCE}" (at 0 0) (layer "B.Fab")
      (effects (font (size 0.5 0.5) (thickness 0.08)) (justify mirror))
    )
    (pad "2" smd roundrect (at 1.025 0) (size 1.15 1.4) (layers "B.Cu" "B.Paste" "B.Mask") (roundrect_rratio 0.2173904347826087)
      (net 12 "/RST") (tstamp 3789aed2-700c-480b-85a5-29cc8bcd1415))
    (pad "1" smd roundrect (at -1.025 0) (size 1.15 1.4) (layers "B.Cu" "B.Paste" "B.Mask") (roundrect_rratio 0.2173904347826087)
      (net 2 "+3V3") (tstamp f06665e2-87dd-4f55-a556-e8981252a3fd))
    (model "${KISYS3DMOD}/Resistor_SMD.3dshapes/R_0805_2012Metric.wrl"
      (at (xyz 0 0 0))
      (scale (xyz 1 1 1))
      (rotate (xyz 0 0 0))
    )
  )

  (module "Resistor_SMD:R_0805_2012Metric_Pad1.15x1.40mm_HandSolder" (layer "B.Cu") (tedit 5B36C52B) (tstamp 00000000-0000-0000-0000-00005d851c1f)
    (at 134.176773 78.74 90)
    (descr "Resistor SMD 0805 (2012 Metric), square (rectangular) end terminal, IPC_7351 nominal with elongated pad for handsoldering. (Body size source: https://docs.google.com/spreadsheets/d/1BsfQQcO9C6DZCsRaXUlFlo91Tg2WpOkGARC1WS5S8t0/edit?usp=sharing), generated with kicad-footprint-generator")
    (tags "resistor handsolder")
    (path "/00000000-0000-0000-0000-00005d865b5f")
    (attr smd)
    (fp_text reference "R12" (at 0 -1.779273 90) (layer "B.SilkS")
      (effects (font (size 1 1) (thickness 0.15)) (justify mirror))
    )
    (fp_text value "47k" (at 0 -1.65 90) (layer "B.Fab")
      (effects (font (size 1 1) (thickness 0.15)) (justify mirror))
    )
    (fp_line (start -1 -0.6) (end -1 0.6) (layer "B.Fab") (width 0.1))
    (fp_line (start -1 0.6) (end 1 0.6) (layer "B.Fab") (width 0.1))
    (fp_line (start 1 0.6) (end 1 -0.6) (layer "B.Fab") (width 0.1))
    (fp_line (start 1 -0.6) (end -1 -0.6) (layer "B.Fab") (width 0.1))
    (fp_line (start -0.261252 0.71) (end 0.261252 0.71) (layer "B.SilkS") (width 0.12))
    (fp_line (start -0.261252 -0.71) (end 0.261252 -0.71) (layer "B.SilkS") (width 0.12))
    (fp_line (start -1.85 -0.95) (end -1.85 0.95) (layer "B.CrtYd") (width 0.05))
    (fp_line (start -1.85 0.95) (end 1.85 0.95) (layer "B.CrtYd") (width 0.05))
    (fp_line (start 1.85 0.95) (end 1.85 -0.95) (layer "B.CrtYd") (width 0.05))
    (fp_line (start 1.85 -0.95) (end -1.85 -0.95) (layer "B.CrtYd") (width 0.05))
    (fp_text user "${REFERENCE}" (at 0 0 90) (layer "B.Fab")
      (effects (font (size 0.5 0.5) (thickness 0.08)) (justify mirror))
    )
    (pad "2" smd roundrect (at 1.025 0 90) (size 1.15 1.4) (layers "B.Cu" "B.Paste" "B.Mask") (roundrect_rratio 0.2173904347826087)
      (net 1 "GND") (tstamp 3789aed2-700c-480b-85a5-29cc8bcd1415))
    (pad "1" smd roundrect (at -1.025 0 90) (size 1.15 1.4) (layers "B.Cu" "B.Paste" "B.Mask") (roundrect_rratio 0.2173904347826087)
      (net 44 "/TIM3_CH2") (tstamp f06665e2-87dd-4f55-a556-e8981252a3fd))
    (model "${KISYS3DMOD}/Resistor_SMD.3dshapes/R_0805_2012Metric.wrl"
      (at (xyz 0 0 0))
      (scale (xyz 1 1 1))
      (rotate (xyz 0 0 0))
    )
  )

  (module "Resistor_SMD:R_0805_2012Metric_Pad1.15x1.40mm_HandSolder" (layer "B.Cu") (tedit 5B36C52B) (tstamp 00000000-0000-0000-0000-00005d93a51d)
    (at 147.97 85.09)
    (descr "Resistor SMD 0805 (2012 Metric), square (rectangular) end terminal, IPC_7351 nominal with elongated pad for handsoldering. (Body size source: https://docs.google.com/spreadsheets/d/1BsfQQcO9C6DZCsRaXUlFlo91Tg2WpOkGARC1WS5S8t0/edit?usp=sharing), generated with kicad-footprint-generator")
    (tags "resistor handsolder")
    (path "/00000000-0000-0000-0000-00005d855c26")
    (attr smd)
    (fp_text reference "R11" (at 3.4775 0) (layer "B.SilkS")
      (effects (font (size 1 1) (thickness 0.15)) (justify mirror))
    )
    (fp_text value "47k" (at 0 -1.65) (layer "B.Fab")
      (effects (font (size 1 1) (thickness 0.15)) (justify mirror))
    )
    (fp_line (start -1 -0.6) (end -1 0.6) (layer "B.Fab") (width 0.1))
    (fp_line (start -1 0.6) (end 1 0.6) (layer "B.Fab") (width 0.1))
    (fp_line (start 1 0.6) (end 1 -0.6) (layer "B.Fab") (width 0.1))
    (fp_line (start 1 -0.6) (end -1 -0.6) (layer "B.Fab") (width 0.1))
    (fp_line (start -0.261252 0.71) (end 0.261252 0.71) (layer "B.SilkS") (width 0.12))
    (fp_line (start -0.261252 -0.71) (end 0.261252 -0.71) (layer "B.SilkS") (width 0.12))
    (fp_line (start -1.85 -0.95) (end -1.85 0.95) (layer "B.CrtYd") (width 0.05))
    (fp_line (start -1.85 0.95) (end 1.85 0.95) (layer "B.CrtYd") (width 0.05))
    (fp_line (start 1.85 0.95) (end 1.85 -0.95) (layer "B.CrtYd") (width 0.05))
    (fp_line (start 1.85 -0.95) (end -1.85 -0.95) (layer "B.CrtYd") (width 0.05))
    (fp_text user "${REFERENCE}" (at 0 0) (layer "B.Fab")
      (effects (font (size 0.5 0.5) (thickness 0.08)) (justify mirror))
    )
    (pad "2" smd roundrect (at 1.025 0) (size 1.15 1.4) (layers "B.Cu" "B.Paste" "B.Mask") (roundrect_rratio 0.2173904347826087)
      (net 1 "GND") (tstamp 3789aed2-700c-480b-85a5-29cc8bcd1415))
    (pad "1" smd roundrect (at -1.025 0) (size 1.15 1.4) (layers "B.Cu" "B.Paste" "B.Mask") (roundrect_rratio 0.2173904347826087)
      (net 58 "/TIM1_CH3") (tstamp f06665e2-87dd-4f55-a556-e8981252a3fd))
    (model "${KISYS3DMOD}/Resistor_SMD.3dshapes/R_0805_2012Metric.wrl"
      (at (xyz 0 0 0))
      (scale (xyz 1 1 1))
      (rotate (xyz 0 0 0))
    )
  )

  (module "Resistor_SMD:R_0805_2012Metric_Pad1.15x1.40mm_HandSolder" (layer "B.Cu") (tedit 5B36C52B) (tstamp 00000000-0000-0000-0000-00005d851bfd)
    (at 128.92 83.185 180)
    (descr "Resistor SMD 0805 (2012 Metric), square (rectangular) end terminal, IPC_7351 nominal with elongated pad for handsoldering. (Body size source: https://docs.google.com/spreadsheets/d/1BsfQQcO9C6DZCsRaXUlFlo91Tg2WpOkGARC1WS5S8t0/edit?usp=sharing), generated with kicad-footprint-generator")
    (tags "resistor handsolder")
    (path "/00000000-0000-0000-0000-00005d848d83")
    (attr smd)
    (fp_text reference "R10" (at 0 1.65) (layer "B.SilkS")
      (effects (font (size 1 1) (thickness 0.15)) (justify mirror))
    )
    (fp_text value "10k" (at 0 -1.65) (layer "B.Fab")
      (effects (font (size 1 1) (thickness 0.15)) (justify mirror))
    )
    (fp_line (start -1 -0.6) (end -1 0.6) (layer "B.Fab") (width 0.1))
    (fp_line (start -1 0.6) (end 1 0.6) (layer "B.Fab") (width 0.1))
    (fp_line (start 1 0.6) (end 1 -0.6) (layer "B.Fab") (width 0.1))
    (fp_line (start 1 -0.6) (end -1 -0.6) (layer "B.Fab") (width 0.1))
    (fp_line (start -0.261252 0.71) (end 0.261252 0.71) (layer "B.SilkS") (width 0.12))
    (fp_line (start -0.261252 -0.71) (end 0.261252 -0.71) (layer "B.SilkS") (width 0.12))
    (fp_line (start -1.85 -0.95) (end -1.85 0.95) (layer "B.CrtYd") (width 0.05))
    (fp_line (start -1.85 0.95) (end 1.85 0.95) (layer "B.CrtYd") (width 0.05))
    (fp_line (start 1.85 0.95) (end 1.85 -0.95) (layer "B.CrtYd") (width 0.05))
    (fp_line (start 1.85 -0.95) (end -1.85 -0.95) (layer "B.CrtYd") (width 0.05))
    (fp_text user "${REFERENCE}" (at 0 0) (layer "B.Fab")
      (effects (font (size 0.5 0.5) (thickness 0.08)) (justify mirror))
    )
